6045781153355358
6045781150707353
6045781181425264
6045781104413702
6045781124038810
6045781173617787
6045781153668032
6045781128775078
6045781108340828
6045781153606503
6045781103505375
6045781106251282
Hello! You found this secret message! Make a ticket and screenshot this! You will get a suprise!
6045781153577068
6045781125736040
6045781165340208
6045781117055078
6045781148425613
6045781141461748
6045781187761761
6045781124227116
6045781151017703
6045781176817541
6045781135088085
6045781106312274
6045781126684652
6045781143882347
6045781120358121
6045781103211867
6045781171616443
6045781141085547
6045781137220728
6045781142622033
6045781146350037
6045781106664310
6045781136063103
6045781108776757
6045781158288588
6045781101837648
6045781146657886
6045781161846711
6045781143222080
6045781111403472
6045781168735800
6045781134442515
6045781187285118
6045781110121232
6045781100213874
6045781176160678
6045781173017541
6045781161823363
6045781118550564
6045781165187872
6045781161262612
6045781113777303
6045781168703675
6045781151338430
6045781114558280
6045781101504370
6045781148605677
6045781175825081
6045781167131423
6045781140550855
6045781182212216
6045781173168443
6045781101881554
6045781121334774
6045781105041452
6045781168105764
6045781184100450
6045781168051257
6045781143310414
6045781182335041
6045781146847123
6045781114051146
6045781184810140
6045781114267668
6045781124433318
6045781136207650
6045781135011707
6045781173328658
6045781187214548
6045781118648160
6045781184036571
6045781161663108
6045781108553115
6045781145173505
6045781121081433
6045781175836435
6045781154801608
6045781157714485
6045781160167473
6045781183123487
6045781174267236
6045781180434051
6045781126533727
6045781144561270
6045781102237434
6045781111782206
6045781154850217
6045781144742532
6045781173070557
6045781163260101
6045781126853331
6045781101522554
6045781113651136
6045781118080182
6045781118568731
6045781111033568
6045781128752747
6045781188381387
6045781105827801
6045781150854577
6045781151184867
6045781163442113
6045781158208230
6045781152672860
6045781180332172
6045781121057375
6045781133806058
6045781107188830
6045781133020171
6045781151256350
6045781141618032
6045781155833162
6045781180328741
6045781125676725
6045781156374182
6045781108324020
6045781172680844
6045781130711400
6045781132216028
6045781187557441
6045781155635112
6045781158032853
6045781108520783
6045781147418841
6045781184650678
6045781132488825
6045781168108065
6045781156444142
6045781111604632
6045781175012862
6045781184511367
6045781123280835
6045781181700062
6045781136151536
6045781171567703
6045781156714023
6045781117457878
6045781161876304
6045781133010727
6045781174600014
6045781114865651
6045781126654556
6045781105624828
6045781126030765
6045781105103617
6045781101602653
6045781117778620
6045781118080182
6045781174340330
6045781186504857
6045781136331286
6045781155555070
6045781116758730
6045781175373660
6045781187176747
6045781178243415
6045781180861253
6045781188158017
6045781180835158
6045781161500433
6045781147263577
6045781131842642
6045781101447604
6045781172386624
6045781145385547
6045781111543434
6045781106614885
6045781130440265
6045781145601083
6045781183258457
6045781175273175
6045781171424772
6045781145643051
6045781165370445
6045781165357772
6045781107783655
6045781147003270
6045781114464455
6045781182614155
6045781110662276
6045781174360007
6045781101357563
6045781141512581
6045781116516682
6045781171518557
6045781170841372
6045781100361186
6045781175860146
6045781168772662
6045781108065615
6045781138041172
6045781103830633
6045781160800511
6045781171862880
6045781172720541
6045781156514746
6045781170165426
6045781164617085
6045781161686364
6045781186737556
6045781117302033
6045781101416542
6045781143831617
6045781110165734
6045781105480288
6045781151664736
6045781146074603
6045781126835452
6045781168033610
6045781147577885
6045781162608151
6045781135831401
6045781128321071
6045781128880845
6045781175638708
6045781112223143
6045781121665664
6045781105362767
6045781117733815
6045781158111673
6045781187450340
6045781185687778
6045781123887431
6045781116484550
6045781150138062
6045781174404110
6045781146057368
6045781162082068
6045781115487463
6045781147470636
6045781164525742
6045781186637244
6045781163551210
6045781134860724
6045781134688612
6045781168146735
6045781167128445
6045781188444284
6045781165727800
6045781162418742
6045781112780688
6045781170526064
6045781116301267
6045781161816615
6045781105816267
6045781131355744
6045781171783748
6045781187064851
6045781171438681
6045781131151143
6045781164552555
6045781146785364
6045781102607388
6045781180788134
6045781181848234
6045781185474581
6045781181368415
6045781155453417
6045781136000741
6045781126630606
6045781100086015
6045781163244204
6045781160230453
6045781178754221
6045781123245168
6045781143177706
6045781154331580
6045781110558656
6045781144176053
6045781103112131
6045781170652571
6045781130053514
6045781153362214
6045781100707164
6045781173375626
6045781117754654
6045781125286426
6045781164525130
6045781145265517
6045781102825261
6045781112376248
6045781184777133
6045781186328851
6045781132222570
6045781151105516
6045781102622171
6045781143248341
6045781105612773
6045781176813516
6045781120180137
6045781134337053
6045781112647275
6045781147042658
6045781115016452
6045781148583247
6045781108211334
6045781138727408
6045781187118517
6045781185844221
6045781144118733
6045781168418175
6045781138250344
6045781103786405
6045781126713543
6045781173281535
6045781124185660
6045781165710335
6045781124550087
6045781127076817
6045781108761478
6045781140875815
6045781166127158
6045781187754170
6045781115351248
6045781133608652
6045781182435577
6045781112318141
6045781146530570
6045781137063565
6045781184020385
6045781122135634
6045781124532606
6045781103236617
6045781182766344
6045781150116282
6045781105632110
6045781172635723
6045781118388460
6045781117024884
6045781163585671
6045781118853786
6045781152322250
6045781116653527
6045781144083473
6045781182417427
6045781184022175
6045781155671521
6045781178088828
6045781145036520
6045781168775830
6045781170055502
6045781173442350
6045781105685761
6045781156844218
6045781138772248
6045781121587744
6045781113701386
6045781126360444
6045781113243421
6045781151713277
6045781153675128
6045781136817482
6045781136034013
6045781153153613
6045781105564420
6045781153114383
6045781173483453
6045781130715260
6045781134103885
6045781157587071
6045781164641663
6045781105267115
6045781158226737
6045781122484511
6045781137313135
6045781121574684
6045781118751857
6045781166553163
6045781115644832
6045781185571386
6045781167878874
6045781124464016
6045781136676235
6045781134424083
6045781130355216
6045781177177226
6045781111230867
6045781106080715
6045781113633548
6045781187278485
6045781134464543
6045781187238448
6045781148014656
6045781188513138
6045781148652067
6045781111170436
6045781107858366
6045781135240835
6045781180555020
6045781177132254
6045781133410760
6045781140333088
6045781172022476
6045781122684334
6045781126302230
6045781161333447
6045781122427742
6045781160747720
6045781172034000
6045781134802007
6045781122442402
6045781180480070
6045781166784032
6045781180808528
6045781113720154
6045781186608070
6045781120773303
6045781168606522
6045781108354654
6045781176747227
6045781150477643
6045781178585310
6045781143536331
6045781127588357
6045781122533606
6045781121365042
6045781162074461
6045781110028742
6045781185686812
6045781113312655
6045781185830568
6045781142610145
6045781153466478
6045781171213274
6045781141282417
6045781148324246
6045781172302480
6045781160412044
6045781185653770
6045781118250488
6045781154562556
6045781103843560
6045781157607747
6045781125388446
6045781112635080
6045781151517488
6045781104673123
6045781123768086
6045781176242872
6045781147375827
6045781167182285
6045781154035421
6045781127535606
6045781112052765
6045781188268030
6045781155464133
6045781122684755
6045781165078675
6045781144724753
6045781184374733
6045781123053547
6045781113871213
6045781173032052
6045781124811612
6045781147617673
6045781153647267
6045781180563016
6045781184731551
6045781161007660
6045781112245518
6045781132334441
6045781188188782
6045781145753751
6045781142508356
6045781103144886
6045781167515138
6045781135251113
6045781130636284
6045781183325074
6045781148734857
6045781177568242
6045781170753031
6045781107738485
6045781118540003
6045781114347817
6045781184383312
6045781187078687
6045781115854225
6045781155262073
6045781104831838
6045781110673067
6045781185653333
6045781106525503
6045781154007677
6045781100155372
6045781152202668
6045781124501684
6045781114305773
6045781154581168
6045781130164733
6045781142764066
6045781153163265
6045781153238703
6045781137735550
6045781130288284
6045781116628156
6045781162208747
6045781106138331
6045781104424667
6045781117267855
6045781157712463
6045781178401328
6045781155630121
6045781120001382
6045781170078140
6045781133777200
6045781102826863
6045781160114368
6045781167185478
6045781132232231
6045781118444172
6045781114537326
6045781127553518
6045781176607546
6045781183838670
6045781108486662
6045781102116638
6045781147227333
6045781104100747
6045781148105132
6045781156270836
6045781161325757
6045781102424834
6045781167874352
6045781122771453
6045781118285005
6045781175538460
6045781144071700
6045781163153470
6045781186175245
6045781170483407
6045781142862506
6045781153318711
6045781160017348
6045781136366688
6045781153701486
6045781122081317
6045781172204603
6045781110816708
6045781177633830
6045781151581708
6045781185386223
6045781101420833
6045781100662245
6045781177171054
6045781116465302
6045781181657510
6045781123056318
6045781185022166
6045781132312884
6045781184401718
6045781146004154
6045781171243727
6045781164410713
6045781117384247
6045781143640281
6045781100306058
6045781127641180
6045781141233444
6045781113657141
6045781165640672
6045781142145860
6045781183370880
6045781131630567
6045781181714600
6045781151717013
6045781186225586
6045781102187167
6045781180031618
6045781118708766
6045781176273471
6045781184500865
6045781154250145
6045781170386246
6045781144684155
6045781186463146
6045781136347464
6045781127451762
6045781105374523
6045781183273373
6045781152857024
6045781100222578
6045781125736206
6045781120666283
6045781186534821
6045781140114082
6045781152800834
6045781102465522
6045781141623016
6045781137586623
6045781112653877
6045781137341466
6045781165563148
6045781112666242
6045781185266151
6045781125604701
6045781126411288
6045781174764083
6045781120237630
6045781156758855
6045781174180728
6045781122488660
6045781155558207
6045781154634066
6045781141358456
6045781183065423
6045781153865141
6045781122665820
6045781145141007
6045781117478486
6045781154231442
6045781141228451
6045781167506335
6045781103688346
6045781173312561
6045781101015161
6045781167342723
6045781176020617
6045781177503710
6045781177224630
6045781121073570
6045781127603875
6045781181154252
6045781168068285
6045781183343630
6045781156268053
6045781108863142
6045781181818427
6045781178436415
6045781164308230
6045781155517435
6045781187020077
6045781145482336
6045781143773116
6045781117346444
6045781166842434
6045781154783863
6045781124122473
6045781108553420
6045781188836034
6045781105481112
6045781167181311
6045781181051078
6045781122567661
6045781164214081
6045781154445083
6045781176733441
6045781143062833
6045781131602335
6045781150341641
6045781145648613
6045781125702844
6045781120140222
6045781111750013
6045781173714667
6045781143011434
6045781181138800
6045781141743566
6045781137537014
6045781106384836
6045781140275727
6045781175540151
6045781167681047
6045781132216556
6045781167107662
6045781181024752
6045781180561135
6045781187314264
6045781145405618
6045781125460146
6045781101561065
6045781131274168
6045781138328157
6045781101265733
6045781101144342
6045781178581343
6045781184104767
6045781157350801
6045781108152066
6045781110370128
6045781157610253
6045781156247586
6045781162711286
6045781136706644
6045781124505024
6045781160123724
6045781131221185
6045781101726528
6045781144653820
6045781147267503
6045781140574731
6045781134830610
6045781110776548
6045781153331763
6045781147608334
6045781150004132
6045781175151017
6045781118755551
6045781113710577
6045781167706612
6045781148510026
6045781123050188
6045781154551724
6045781133166263
6045781173706341
6045781155111841
6045781106875304
6045781121362387
6045781103278577
6045781121307028
6045781120064786
6045781160800321
6045781104674832
6045781151547006
6045781183557080
6045781142307882
6045781177262853
6045781142246353
6045781157088518
6045781122767055
6045781121550767
6045781151238523
6045781185756417
6045781156073636
6045781162814783
6045781108115352
6045781122140410
6045781117188127
6045781143533718
6045781124120477
6045781142425577
6045781188548415
6045781182017474
6045781188534126
6045781156648023
6045781125317056
6045781178776851
6045781115118423
6045781114445082
6045781174781012
6045781156134586
6045781135328341
6045781112042642
6045781141731272
6045781148757346
6045781127540325
6045781181346700
6045781175065084
6045781167242246
6045781152467816
6045781126601243
6045781180650045
6045781131120668
6045781132505560
6045781163814832
6045781115887621
6045781163317026
6045781171601767
6045781102713707
6045781185540647
6045781154428642
6045781157350876
6045781173770552
6045781124461756
6045781147111560
6045781117800077
6045781110106712
6045781104558365
6045781145716055
6045781155051823
6045781183305613
6045781118433134
6045781127335460
6045781124027136
6045781164204116
6045781108337063
6045781163613408
6045781142413375
6045781151506341
6045781130526477
6045781124768234
6045781113242654
6045781188500051
6045781127021821
6045781153370654
6045781110673083
6045781121786734
6045781158635077
6045781187181028
6045781155700536
6045781156587452
6045781111453816
6045781175032720
6045781154231202
6045781102285433
6045781101325305
6045781168314432
6045781134760734
6045781174342302
6045781164338716
6045781128472742
6045781171621831
6045781174871557
6045781128677837
6045781182860352
6045781120722177
6045781125252576
6045781122476335
6045781131004631
6045781158101112
6045781186555222
6045781173158865
6045781145162888
6045781127560042
6045781117353556
6045781185264123
6045781186300736
6045781106508228
6045781175158871
6045781185387841
6045781120375828
6045781170046170
6045781111720875
6045781114825168
6045781118317527
6045781103163845
6045781132816272
6045781134716306
6045781116123786
6045781176113818
6045781135283801
6045781148670721
6045781178451810
6045781115701103
6045781103260823
6045781138180202
6045781141771526
6045781163586752
6045781161688436
6045781103322714
6045781134318384
6045781167056083
6045781138426746
6045781134854008
6045781183631752
6045781162381742
6045781111515382
6045781132200402
6045781153654883
6045781112355622
6045781146021380
6045781153074041
6045781184322641
6045781162431224
6045781177623781
6045781103558721
6045781130785651
6045781117556182
6045781121186042
6045781113351810
6045781164885336
6045781123011370
6045781151007506
6045781117106236
6045781140573212
6045781151300562
6045781160137252
6045781181147181
6045781156641515
6045781171303786
6045781155315384
6045781158557008
6045781121617806
6045781137227640
6045781153056600
6045781131076555
6045781173535807
6045781183762821
6045781105863665
6045781128205142
6045781181202887
6045781148670572
6045781181105635
6045781117750470
6045781181205336
6045781108415265
6045781102825105
6045781123370750
6045781176068038
6045781186372115
6045781181547075
6045781116112003
6045781137487020
6045781185500641
6045781155505356
6045781148037822
6045781114153306
6045781110541116
6045781107871328
6045781112784060
6045781177413605
6045781113431554
6045781116672550
6045781162412513
6045781137650833
6045781100567444
6045781170851132
6045781174642214
6045781180056151
6045781140416313
6045781138526628
6045781112721211
6045781187816771
6045781112577886
6045781186568720
6045781114130536
6045781102636080
6045781144745287
6045781136163150
6045781133463033
6045781154771777
6045781181626853
6045781106832362
6045781116623827
6045781157187781
6045781123223140
6045781143083607
6045781132555425
6045781160538061
6045781146656755
6045781113750227
6045781147476476
6045781185123550
6045781137460050
6045781163033326
6045781111111158
6045781165350447
6045781151865846
6045781180807645
6045781120145320
6045781155810210
6045781103103130
6045781154746415
6045781155230658
6045781100120335
6045781115280363
6045781155756728
6045781120767065
6045781125257773
6045781176264355
6045781171186520
6045781152844311
6045781160531355
6045781155102832
6045781102866687
6045781136671541
6045781146055628
6045781183224517
6045781130603276
6045781157366518
6045781186562681
6045781121830888
6045781170067234
6045781154382302
6045781134486124
6045781181561662
6045781172148826
6045781165727115
6045781128387007
6045781113863061
6045781167562080
6045781168456050
6045781148027872
6045781132787283
6045781162177215
6045781172253824
6045781105528425
6045781106405102
6045781117235340
6045781132223461
6045781101177813
6045781152631734
6045781148102253
6045781150424231
6045781152343264
6045781130035313